3.130000000000000000e+02,3.450000000000000000e+02
3.131999999999999886e+02,3.455999999999999659e+02
3.830000000000000000e+02,7.640000000000000000e+02
5.980000000000000000e+02,8.110000000000000000e+02
5.243999999999999773e+02,7.223999999999999773e+02
3.120000000000000000e+02,3.420000000000000000e+02
5.250000000000000000e+02,7.230000000000000000e+02
3.500000000000000000e+02,3.460000000000000000e+02
3.930000000000000000e+02,7.470000000000000000e+02
4.970000000000000000e+02,4.270000000000000000e+02
2.990000000000000000e+02,6.640000000000000000e+02
3.530000000000000000e+02,3.500000000000000000e+02
3.460000000000000000e+02,3.510000000000000000e+02
3.980000000000000000e+02,7.370000000000000000e+02
3.310000000000000000e+02,7.740000000000000000e+02
3.923999999999999773e+02,7.476000000000000227e+02
3.690000000000000000e+02,3.550000000000000000e+02
3.139200000000000159e+02,3.455999999999999659e+02
1.490000000000000000e+02,4.850000000000000000e+02
3.780000000000000000e+02,8.240000000000000000e+02
3.120000000000000000e+02,3.420000000000000000e+02
3.920000000000000000e+02,7.350000000000000000e+02
4.820000000000000000e+02,8.340000000000000000e+02
2.995199999999999818e+02,6.652799999999999727e+02
5.800000000000000000e+02,5.070000000000000000e+02
5.590000000000000000e+02,4.760000000000000000e+02
5.160000000000000000e+02,3.288000000000000114e+02
5.500000000000000000e+02,4.640000000000000000e+02
3.320000000000000000e+02,3.470000000000000000e+02
6.040000000000000000e+02,7.540000000000000000e+02
3.830000000000000000e+02,7.540000000000000000e+02
3.530000000000000000e+02,3.540000000000000000e+02
4.800000000000000000e+02,4.250000000000000000e+02
3.590000000000000000e+02,3.540000000000000000e+02
3.080000000000000000e+02,3.370000000000000000e+02
3.550000000000000000e+02,3.590000000000000000e+02
3.860000000000000000e+02,3.820000000000000000e+02
4.170000000000000000e+02,4.630000000000000000e+02
3.470000000000000000e+02,3.430000000000000000e+02
6.090000000000000000e+02,7.570000000000000000e+02
3.000000000000000000e+02,6.647999999999999545e+02
3.780000000000000000e+02,8.243999999999999773e+02
5.640000000000000000e+02,9.203999999999999773e+02
4.920000000000000000e+02,8.470000000000000000e+02
5.240000000000000000e+02,8.470000000000000000e+02
3.380000000000000000e+02,4.200000000000000000e+02
5.169600000000000364e+02,3.283199999999999932e+02
3.930000000000000000e+02,7.300000000000000000e+02
3.750000000000000000e+02,7.270000000000000000e+02
4.823999999999999773e+02,8.351999999999999318e+02
3.431999999999999886e+02,8.436000000000000227e+02
5.591999999999999318e+02,7.176000000000000227e+02
3.020000000000000000e+02,2.910000000000000000e+02
3.850000000000000000e+02,7.510000000000000000e+02
3.740000000000000000e+02,8.210000000000000000e+02
5.270000000000000000e+02,8.500000000000000000e+02
3.528000000000000114e+02,3.503999999999999773e+02
3.160000000000000000e+02,3.470000000000000000e+02
3.383999999999999773e+02,4.200000000000000000e+02
4.300000000000000000e+02,3.160000000000000000e+02
3.330000000000000000e+02,7.870000000000000000e+02
3.430000000000000000e+02,8.430000000000000000e+02
5.166719999999999118e+02,3.300479999999999450e+02
3.900000000000000000e+02,7.500000000000000000e+02
3.844799999999999613e+02,7.660799999999999272e+02
3.320000000000000000e+02,3.390000000000000000e+02
5.601599999999999682e+02,7.185599999999999454e+02
5.253119999999998981e+02,8.501759999999999309e+02
3.916800000000000068e+02,7.487999999999999545e+02
5.160000000000000000e+02,3.280000000000000000e+02
3.620000000000000000e+02,3.580000000000000000e+02
3.168000000000000114e+02,3.468000000000000114e+02
3.260000000000000000e+02,4.000000000000000000e+02
4.640000000000000000e+02,2.960000000000000000e+02
3.840000000000000000e+02,7.656000000000000227e+02
5.256000000000000227e+02,7.228799999999999955e+02
6.080000000000000000e+02,7.650000000000000000e+02
4.540000000000000000e+02,4.750000000000000000e+02
6.036000000000000227e+02,7.547999999999999545e+02
3.130000000000000000e+02,6.850000000000000000e+02
4.480000000000000000e+02,1.000000000000000000e+02
3.983999999999999773e+02,7.367999999999999545e+02
3.922559999999999718e+02,7.499519999999998845e+02
3.290000000000000000e+02,7.710000000000000000e+02
4.000000000000000000e+02,6.860000000000000000e+02
3.320000000000000000e+02,3.440000000000000000e+02
4.787999999999999545e+02,4.223999999999999773e+02
3.438719999999999573e+02,8.449919999999998481e+02
4.830000000000000000e+02,4.270000000000000000e+02
5.640000000000000000e+02,9.200000000000000000e+02
5.256000000000000227e+02,8.496000000000000227e+02
4.967999999999999545e+02,4.271999999999999886e+02
4.308000000000000114e+02,3.168000000000000114e+02
3.340000000000000000e+02,3.350000000000000000e+02
3.990000000000000000e+02,7.700000000000000000e+02
2.730000000000000000e+02,3.400000000000000000e+02
5.320000000000000000e+02,8.350000000000000000e+02
3.441599999999999682e+02,8.438399999999999181e+02
3.470000000000000000e+02,3.460000000000000000e+02
3.083999999999999773e+02,3.371999999999999886e+02
6.096000000000000227e+02,7.571999999999999318e+02
4.750000000000000000e+02,4.160000000000000000e+02
1.730000000000000000e+02,5.540000000000000000e+02
3.710000000000000000e+02,7.140000000000000000e+02
3.395999999999999659e+02,3.455999999999999659e+02
5.320000000000000000e+02,6.620000000000000000e+02
3.070000000000000000e+02,3.340000000000000000e+02
5.950000000000000000e+02,8.810000000000000000e+02
5.723999999999999773e+02,9.203999999999999773e+02
6.010000000000000000e+02,7.670000000000000000e+02
4.838399999999999181e+02,8.363519999999998618e+02
4.838399999999999750e+02,8.351999999999999318e+02
3.830000000000000000e+02,7.490000000000000000e+02
6.107999999999999545e+02,6.947999999999999545e+02
5.590000000000000000e+02,7.970000000000000000e+02
3.528000000000000114e+02,3.540000000000000000e+02
3.931200000000000045e+02,7.387200000000000273e+02
3.323999999999999773e+02,7.740000000000000000e+02
4.370000000000000000e+02,4.820000000000000000e+02
4.780000000000000000e+02,4.220000000000000000e+02
3.300000000000000000e+02,3.450000000000000000e+02
3.144959999999999809e+02,3.455999999999999659e+02
3.023999999999999773e+02,2.915999999999999659e+02
3.931200000000000045e+02,7.300799999999999272e+02
6.060000000000000000e+02,7.583999999999999773e+02
3.939839999999999236e+02,7.395839999999999463e+02
5.010000000000000000e+02,9.020000000000000000e+02
4.852223999999999933e+02,8.377343999999999369e+02
3.140000000000000000e+02,4.110000000000000000e+02
6.062400000000000091e+02,7.588799999999999955e+02
4.240000000000000000e+02,7.200000000000000000e+02
3.110399999999999636e+02,3.427199999999999704e+02
6.220799999999999272e+02,8.864639999999998281e+02
3.700000000000000000e+02,7.270000000000000000e+02
4.230000000000000000e+02,4.660000000000000000e+02
5.590000000000000000e+02,7.170000000000000000e+02
4.610000000000000000e+02,2.980000000000000000e+02
3.690000000000000000e+02,7.110000000000000000e+02
5.390000000000000000e+02,4.580000000000000000e+02
3.006719999999999686e+02,6.670079999999999245e+02
3.916800000000000068e+02,7.358399999999999181e+02
3.940000000000000000e+02,7.620000000000000000e+02
4.260000000000000000e+02,4.580000000000000000e+02
3.326399999999999864e+02,7.747200000000000273e+02
4.050000000000000000e+02,4.300000000000000000e+02
3.027455999999999676e+02,2.923775999999999726e+02
3.398399999999999750e+02,4.204799999999999613e+02
5.180000000000000000e+02,6.620000000000000000e+02
3.610000000000000000e+02,7.580000000000000000e+02
4.640000000000000000e+02,8.140000000000000000e+02
5.015999999999999659e+02,9.023999999999999773e+02
5.266943999999999733e+02,8.522495999999999867e+02
4.852223999999998796e+02,8.385638399999998001e+02
5.810000000000000000e+02,8.900000000000000000e+02
5.580000000000000000e+02,4.720000000000000000e+02
3.859199999999999591e+02,3.830399999999999636e+02
4.643999999999999773e+02,8.147999999999999545e+02
3.143999999999999773e+02,4.115999999999999659e+02
6.105599999999999454e+02,7.574399999999999409e+02
3.400000000000000000e+02,3.450000000000000000e+02
3.491999999999999886e+02,3.468000000000000114e+02
3.442176000000000045e+02,8.439551999999999907e+02
5.028479999999999563e+02,9.037439999999999145e+02
3.180000000000000000e+02,7.280000000000000000e+02
1.497599999999999909e+02,4.867199999999999704e+02
1.510000000000000000e+02,4.810000000000000000e+02
5.540000000000000000e+02,4.680000000000000000e+02
4.970000000000000000e+02,4.240000000000000000e+02
6.047999999999999545e+02,7.545599999999999454e+02
3.023999999999999773e+02,2.920319999999999823e+02
3.153600000000000136e+02,4.118399999999999750e+02
3.870000000000000000e+02,7.490000000000000000e+02
5.680000000000000000e+02,9.190000000000000000e+02
4.811999999999999886e+02,4.248000000000000114e+02
4.620000000000000000e+02,6.890000000000000000e+02
3.035750399999999445e+02,2.936217599999999379e+02
3.420000000000000000e+02,4.130000000000000000e+02
3.731999999999999886e+02,8.220000000000000000e+02
3.860000000000000000e+02,7.430000000000000000e+02
1.500000000000000000e+02,4.860000000000000000e+02
3.410000000000000000e+02,3.410000000000000000e+02
4.290000000000000000e+02,7.630000000000000000e+02
4.348799999999999955e+02,4.175999999999999659e+02
1.511999999999999886e+02,4.811999999999999886e+02
5.564159999999999400e+02,4.734719999999999231e+02
3.988799999999999955e+02,7.372799999999999727e+02
3.430000000000000000e+02,7.620000000000000000e+02
3.045703679999999167e+02,6.688604159999998728e+02
4.250000000000000000e+02,5.070000000000000000e+02
3.410000000000000000e+02,3.380000000000000000e+02
4.343999999999999773e+02,4.175999999999999659e+02
6.120000000000000000e+02,6.955199999999999818e+02
4.340000000000000000e+02,4.180000000000000000e+02
3.939839999999999804e+02,7.402751999999999271e+02
5.440000000000000000e+02,4.590000000000000000e+02
3.732479999999999336e+02,7.309439999999998463e+02
6.220799999999999272e+02,8.856000000000000227e+02
3.503999999999999773e+02,3.515999999999999659e+02
4.271999999999999886e+02,3.180000000000000000e+02
5.640000000000000000e+02,7.510000000000000000e+02
3.860000000000000000e+02,4.430000000000000000e+02
6.011999999999999318e+02,7.680000000000000000e+02
3.404159999999999400e+02,4.199039999999999395e+02
4.030000000000000000e+02,3.250000000000000000e+02
3.045703679999999167e+02,6.700548095999998850e+02
6.065279999999999063e+02,7.603199999999999363e+02
3.268799999999999955e+02,4.003199999999999932e+02
3.360000000000000000e+02,3.310000000000000000e+02
3.035750399999999445e+02,6.668697599999998147e+02
5.400000000000000000e+02,4.583999999999999773e+02
3.930000000000000000e+02,7.580000000000000000e+02
3.408000000000000114e+02,3.408000000000000114e+02
4.270000000000000000e+02,3.180000000000000000e+02
3.180000000000000000e+02,7.283999999999999773e+02
6.083999999999999773e+02,7.656000000000000227e+02
3.853439999999999372e+02,7.672319999999998572e+02
3.750000000000000000e+02,3.740000000000000000e+02
4.130000000000000000e+02,4.610000000000000000e+02
4.860000000000000000e+02,7.720000000000000000e+02
3.463741439999999443e+02,8.450334719999998470e+02
4.751999999999999886e+02,4.163999999999999773e+02
3.383999999999999773e+02,8.003999999999999773e+02
3.190000000000000000e+02,4.100000000000000000e+02
3.863999999999999773e+02,3.815999999999999659e+02
3.683999999999999773e+02,3.551999999999999886e+02
5.316000000000000227e+02,6.623999999999999773e+02
5.038847999999999843e+02,9.040895999999999049e+02
3.836159999999999286e+02,7.551359999999998536e+02
3.045703679999999167e+02,2.956124159999999392e+02
4.900000000000000000e+02,8.420000000000000000e+02
4.260000000000000000e+02,3.215999999999999659e+02
2.735999999999999659e+02,3.398399999999999750e+02
3.410000000000000000e+02,7.810000000000000000e+02
6.060000000000000000e+02,7.580000000000000000e+02
5.623603199999998878e+02,7.216127999999998792e+02
3.550000000000000000e+02,4.030000000000000000e+02
5.640000000000000000e+02,7.511999999999999318e+02
3.460000000000000000e+02,7.740000000000000000e+02
3.263999999999999773e+02,4.008000000000000114e+02
3.787199999999999704e+02,8.251200000000000045e+02
5.951999999999999318e+02,8.807999999999999545e+02
6.090000000000000000e+02,7.590000000000000000e+02
3.600000000000000000e+02,3.560000000000000000e+02
5.243999999999999773e+02,8.496000000000000227e+02
1.503359999999999843e+02,4.872959999999999354e+02
3.311999999999999886e+02,3.395999999999999659e+02
3.380000000000000000e+02,8.000000000000000000e+02
3.729599999999999795e+02,7.300799999999999272e+02
4.248000000000000114e+02,7.200000000000000000e+02
3.530000000000000000e+02,3.570000000000000000e+02
3.380000000000000000e+02,7.530000000000000000e+02
3.844799999999999613e+02,7.531200000000000045e+02
3.540000000000000000e+02,3.810000000000000000e+02
3.023999999999999773e+02,2.923199999999999932e+02
2.735999999999999659e+02,3.408000000000000114e+02
5.400000000000000000e+02,4.579199999999999591e+02
4.210000000000000000e+02,3.040000000000000000e+02
3.027455999999999676e+02,6.656255999999999631e+02
4.250000000000000000e+02,3.260000000000000000e+02
1.740000000000000000e+02,5.560000000000000000e+02
4.390000000000000000e+02,4.620000000000000000e+02
5.627999999999999545e+02,4.823999999999999773e+02
5.183999999999999773e+02,6.623999999999999773e+02
3.840000000000000000e+02,7.536000000000000227e+02
3.052799999999999727e+02,3.369599999999999795e+02
4.830000000000000000e+02,7.730000000000000000e+02
6.100000000000000000e+02,6.940000000000000000e+02
3.340000000000000000e+02,3.310000000000000000e+02
3.540000000000000000e+02,7.790000000000000000e+02
6.216000000000000227e+02,8.856000000000000227e+02
3.168000000000000114e+02,3.470399999999999636e+02
5.903999999999999773e+02,6.767999999999999545e+02
4.795199999999999818e+02,4.219199999999999591e+02
5.660928000000000111e+02,7.485695999999999231e+02
4.188000000000000114e+02,3.180000000000000000e+02
3.708000000000000114e+02,7.140000000000000000e+02
4.354559999999999604e+02,4.181759999999999309e+02
6.091407359999998334e+02,7.668006911999998465e+02
4.990000000000000000e+02,7.860000000000000000e+02
5.643509759999998323e+02,7.226081279999998515e+02
4.250000000000000000e+02,4.620000000000000000e+02
3.045703679999999167e+02,2.974040063999999575e+02
5.147999999999999545e+02,7.883999999999999773e+02
3.695999999999999659e+02,7.103999999999999773e+02
6.117119999999998754e+02,7.585919999999998709e+02
3.995999999999999659e+02,7.703999999999999773e+02
5.650559999999999263e+02,7.499519999999998845e+02
3.860000000000000000e+02,7.410000000000000000e+02
4.620000000000000000e+02,6.900000000000000000e+02
3.720000000000000000e+02,7.296000000000000227e+02
6.091407359999998334e+02,7.673978879999998526e+02
3.380000000000000000e+02,3.380000000000000000e+02
4.008000000000000114e+02,6.876000000000000227e+02
6.245683199999998578e+02,8.858419199999998455e+02
5.633279999999999745e+02,4.838399999999999181e+02
3.870000000000000000e+02,7.100000000000000000e+02
5.630399999999999636e+02,4.823999999999999773e+02
3.323999999999999773e+02,3.468000000000000114e+02
3.191999999999999886e+02,4.103999999999999773e+02
5.572799999999999727e+02,4.766399999999999864e+02
3.203999999999999773e+02,7.307999999999999545e+02
3.475685375999998996e+02,8.456306687999998530e+02
4.860000000000000000e+02,6.110000000000000000e+02
5.700000000000000000e+02,8.960000000000000000e+02
3.950000000000000000e+02,4.960000000000000000e+02
4.000000000000000000e+02,7.390000000000000000e+02
3.780000000000000000e+02,7.307999999999999545e+02
3.875999999999999659e+02,7.487999999999999545e+02
3.910000000000000000e+02,4.490000000000000000e+02
3.700000000000000000e+02,7.190000000000000000e+02
4.550000000000000000e+02,7.970000000000000000e+02
4.270000000000000000e+02,3.000000000000000000e+02
3.310000000000000000e+02,3.300000000000000000e+02
4.240000000000000000e+02,5.140000000000000000e+02
5.591999999999999318e+02,4.751999999999999886e+02
3.700000000000000000e+02,3.890000000000000000e+02
4.103999999999999773e+02,3.935999999999999659e+02
3.720000000000000000e+02,7.070000000000000000e+02
3.970000000000000000e+02,6.860000000000000000e+02
5.615999999999999091e+02,7.205759999999999081e+02
4.020000000000000000e+02,6.850000000000000000e+02
4.180000000000000000e+02,3.170000000000000000e+02
4.636800000000000068e+02,4.190399999999999636e+02
3.290000000000000000e+02,4.390000000000000000e+02
6.160000000000000000e+02,8.090000000000000000e+02
5.580000000000000000e+02,4.727999999999999545e+02
6.019199999999999591e+02,7.689599999999999227e+02
3.070000000000000000e+02,4.540000000000000000e+02
3.800000000000000000e+02,7.280000000000000000e+02
3.755999999999999659e+02,8.243999999999999773e+02
3.971999999999999886e+02,6.863999999999999773e+02
5.589762047999998913e+02,7.990493183999998337e+02
4.220000000000000000e+02,5.040000000000000000e+02
4.170000000000000000e+02,3.060000000000000000e+02
5.673369599999998627e+02,7.435100159999998368e+02
2.776965119999999274e+02,3.404021759999999404e+02
3.810000000000000000e+02,7.510000000000000000e+02
5.619456000000000131e+02,7.216127999999999929e+02
4.320000000000000000e+02,4.710000000000000000e+02
5.590000000000000000e+02,8.710000000000000000e+02
2.762035199999999122e+02,3.408998399999999265e+02
4.530000000000000000e+02,7.250000000000000000e+02
4.160000000000000000e+02,4.530000000000000000e+02
3.960000000000000000e+02,7.700000000000000000e+02
3.750000000000000000e+02,4.670000000000000000e+02
3.935999999999999659e+02,7.307999999999999545e+02
4.310000000000000000e+02,4.680000000000000000e+02
3.470399999999999636e+02,3.513600000000000136e+02
5.500799999999999272e+02,4.636800000000000068e+02
3.935999999999999659e+02,7.620000000000000000e+02
5.447999999999999545e+02,4.595999999999999659e+02
3.890000000000000000e+02,4.420000000000000000e+02
4.750000000000000000e+02,4.130000000000000000e+02
4.780000000000000000e+02,4.200000000000000000e+02
3.160000000000000000e+02,3.400000000000000000e+02
4.130000000000000000e+02,3.190000000000000000e+02
3.490000000000000000e+02,3.510000000000000000e+02
3.470000000000000000e+02,7.020000000000000000e+02
5.900000000000000000e+02,6.770000000000000000e+02
4.727999999999999545e+02,4.151999999999999886e+02
5.190000000000000000e+02,6.120000000000000000e+02
3.458764799999999013e+02,8.435404799999997749e+02
3.420000000000000000e+02,7.730000000000000000e+02
5.155199999999999818e+02,7.891200000000000045e+02
4.960000000000000000e+02,7.880000000000000000e+02
4.240000000000000000e+02,2.990000000000000000e+02
5.720000000000000000e+02,9.200000000000000000e+02
5.510000000000000000e+02,5.230000000000000000e+02
4.010000000000000000e+02,4.540000000000000000e+02
5.583790079999998852e+02,8.002437119999998458e+02
3.660000000000000000e+02,3.550000000000000000e+02
6.241535999999999831e+02,8.854271999999999707e+02
4.643999999999999773e+02,2.963999999999999773e+02
3.058559999999999377e+02,3.369599999999999795e+02
4.130000000000000000e+02,4.550000000000000000e+02
6.071500799999998890e+02,7.664025599999997667e+02
3.753215999999999894e+02,7.319807999999999311e+02
3.196800000000000068e+02,4.103999999999999773e+02
4.648319999999999368e+02,6.998399999999999181e+02
4.920000000000000000e+02,8.471999999999999318e+02
4.820000000000000000e+02,4.200000000000000000e+02
3.780000000000000000e+02,7.430000000000000000e+02
3.710000000000000000e+02,7.290000000000000000e+02
3.600000000000000000e+02,3.563999999999999773e+02
3.856895999999999844e+02,7.693055999999999131e+02
3.801599999999999682e+02,7.447679999999999154e+02
3.551999999999999886e+02,3.563999999999999773e+02
5.496000000000000227e+02,7.980000000000000000e+02
3.335999999999999659e+02,7.307999999999999545e+02
4.651200000000000045e+02,6.983999999999999773e+02
3.710000000000000000e+02,3.720000000000000000e+02
4.651200000000000045e+02,8.150399999999999636e+02
3.280000000000000000e+02,7.590000000000000000e+02
5.500000000000000000e+02,7.980000000000000000e+02
3.110000000000000000e+02,3.360000000000000000e+02
3.547348991999999157e+02,7.094697983999998314e+02
4.821119999999999095e+02,4.250879999999999654e+02
5.457599999999999909e+02,8.913600000000000136e+02
3.515999999999999659e+02,7.403999999999999773e+02
4.579199999999999591e+02,5.198400000000000318e+02
4.590000000000000000e+02,7.030000000000000000e+02
3.780000000000000000e+02,7.440000000000000000e+02
5.880000000000000000e+02,8.810000000000000000e+02
6.047999999999999545e+02,8.881919999999998936e+02
3.715199999999999818e+02,7.099199999999999591e+02
4.823999999999999773e+02,4.248000000000000114e+02
4.910000000000000000e+02,6.210000000000000000e+02
3.288000000000000114e+02,7.716000000000000227e+02
3.490000000000000000e+02,4.140000000000000000e+02
4.940000000000000000e+02,7.870000000000000000e+02
5.380000000000000000e+02,4.540000000000000000e+02
3.919103999999999814e+02,7.506431999999999789e+02
4.571999999999999886e+02,5.196000000000000227e+02
5.558400000000000318e+02,4.737599999999999909e+02
3.551999999999999886e+02,4.031999999999999886e+02
3.182400000000000091e+02,7.286399999999999864e+02
3.520000000000000000e+02,3.760000000000000000e+02
3.911999999999999886e+02,7.343999999999999773e+02
4.260000000000000000e+02,5.120000000000000000e+02
4.250000000000000000e+02,7.480000000000000000e+02
6.013439999999999372e+02,7.689599999999999227e+02
6.660000000000000000e+02,8.363999999999999773e+02
5.670000000000000000e+02,8.870000000000000000e+02
5.625593855999998141e+02,7.238025215999998636e+02
3.427199999999999704e+02,7.631999999999999318e+02
6.091200000000000045e+02,7.660799999999999272e+02
3.110399999999999636e+02,3.421439999999999486e+02
5.880000000000000000e+02,8.820000000000000000e+02
4.270000000000000000e+02,3.950000000000000000e+02
3.200000000000000000e+02,7.300000000000000000e+02
3.310000000000000000e+02,7.330000000000000000e+02
3.191999999999999886e+02,3.551999999999999886e+02
3.323999999999999773e+02,7.871999999999999318e+02
3.139200000000000159e+02,6.868799999999999955e+02
3.335999999999999659e+02,3.311999999999999886e+02
4.330000000000000000e+02,7.600000000000000000e+02
6.137855999999999312e+02,7.589375999999999749e+02
5.550000000000000000e+02,4.980000000000000000e+02
5.198400000000000318e+02,6.623999999999999773e+02
4.600000000000000000e+02,3.050000000000000000e+02
3.433881599999999139e+02,4.210237439999999083e+02
3.071999999999999886e+02,3.335999999999999659e+02
6.099839999999999236e+02,7.672319999999998572e+02
6.020000000000000000e+02,7.650000000000000000e+02
4.310000000000000000e+02,3.130000000000000000e+02
4.276800000000000068e+02,3.182400000000000091e+02
4.475999999999999659e+02,1.007999999999999972e+02
5.587200000000000273e+02,7.977599999999999909e+02
3.151871999999999616e+02,4.126463999999999714e+02
6.650000000000000000e+02,8.360000000000000000e+02
3.732479999999999336e+02,7.191244799999998349e+02
5.644800000000000182e+02,7.502400000000000091e+02
2.747519999999999527e+02,3.404159999999999400e+02
4.897013759999998683e+02,8.420474879999998166e+02
3.715199999999999250e+02,7.119359999999999218e+02
3.348000000000000114e+02,3.348000000000000114e+02
3.300000000000000000e+02,8.050000000000000000e+02
4.010000000000000000e+02,3.230000000000000000e+02
6.065279999999999063e+02,7.672319999999998572e+02
4.175999999999999659e+02,3.268799999999999955e+02
3.300000000000000000e+02,7.440000000000000000e+02
4.230000000000000000e+02,7.160000000000000000e+02
5.820000000000000000e+02,5.120000000000000000e+02
1.497599999999999909e+02,4.809599999999999795e+02
6.270566399999999021e+02,8.868372479999998177e+02
5.970000000000000000e+02,7.560000000000000000e+02
6.117119999999998754e+02,6.963839999999999009e+02
4.220000000000000000e+02,4.580000000000000000e+02
4.631999999999999886e+02,4.188000000000000114e+02
4.250000000000000000e+02,4.970000000000000000e+02
3.743999999999999773e+02,4.147199999999999704e+02
4.650000000000000000e+02,6.980000000000000000e+02
3.791999999999999886e+02,7.463999999999999773e+02
4.648319999999999368e+02,4.199039999999999395e+02
3.290000000000000000e+02,8.030000000000000000e+02
4.478399999999999750e+02,1.007999999999999972e+02
3.168000000000000114e+02,3.408000000000000114e+02
3.260000000000000000e+02,7.210000000000000000e+02
5.330000000000000000e+02,8.840000000000000000e+02
3.863999999999999773e+02,7.307999999999999545e+02
6.156000000000000227e+02,8.087999999999999545e+02
4.271999999999999886e+02,3.948000000000000114e+02
3.348000000000000114e+02,7.907999999999999545e+02
3.523461119999998914e+02,7.106641919999998436e+02
3.780000000000000000e+02,3.743999999999999773e+02
4.622400000000000091e+02,6.911999999999999318e+02
3.468000000000000114e+02,8.256000000000000227e+02
5.960000000000000000e+02,6.870000000000000000e+02
4.295999999999999659e+02,7.631999999999999318e+02
1.513727999999999838e+02,4.872959999999999923e+02
4.260000000000000000e+02,2.928000000000000114e+02
5.275238399999998364e+02,8.534937599999998383e+02
4.640000000000000000e+02,8.060000000000000000e+02
3.196800000000000068e+02,3.556800000000000068e+02
3.340799999999999841e+02,3.311999999999999886e+02
3.190000000000000000e+02,3.550000000000000000e+02
4.579199999999999591e+02,5.201279999999999291e+02
3.732479999999999905e+02,7.112447999999999411e+02
5.601599999999999682e+02,4.680000000000000000e+02
3.939839999999999804e+02,7.464959999999999809e+02
3.276287999999999556e+02,4.022783999999999764e+02
5.560000000000000000e+02,4.760000000000000000e+02
4.163999999999999773e+02,3.275999999999999659e+02
5.817599999999999909e+02,8.927999999999999545e+02
3.520000000000000000e+02,7.400000000000000000e+02
3.863999999999999773e+02,4.440000000000000000e+02
2.757887999999999806e+02,3.400704000000000065e+02
5.520000000000000000e+02,5.200000000000000000e+02
4.240000000000000000e+02,4.640000000000000000e+02
3.421440000000000055e+02,4.188671999999999684e+02
5.170000000000000000e+02,6.510000000000000000e+02
3.611999999999999886e+02,3.588000000000000114e+02
4.290000000000000000e+02,3.270000000000000000e+02
3.470399999999999636e+02,8.251200000000000045e+02
3.743999999999999773e+02,4.151999999999999886e+02
4.480000000000000000e+02,5.060000000000000000e+02
5.515199999999999818e+02,7.991999999999999318e+02
5.620000000000000000e+02,4.820000000000000000e+02
5.200000000000000000e+02,8.940000000000000000e+02
3.371999999999999886e+02,3.360000000000000000e+02
3.473279999999999745e+02,8.259839999999999236e+02
4.160000000000000000e+02,7.230000000000000000e+02
4.000000000000000000e+02,3.090000000000000000e+02
4.908957695999998805e+02,8.420474879999998166e+02
3.440000000000000000e+02,3.440000000000000000e+02
3.383999999999999773e+02,3.383999999999999773e+02
3.560000000000000000e+02,3.540000000000000000e+02
4.390000000000000000e+02,7.850000000000000000e+02
4.163999999999999773e+02,7.236000000000000227e+02
3.480000000000000000e+02,3.431999999999999886e+02
5.947200000000000273e+02,8.798399999999999181e+02
4.420000000000000000e+02,4.710000000000000000e+02
4.200000000000000000e+02,4.570000000000000000e+02
4.790000000000000000e+02,7.660000000000000000e+02
3.284582399999999325e+02,4.031078399999998965e+02
5.536512000000000171e+02,8.004095999999999549e+02
3.162239999999999327e+02,4.129919999999999618e+02
5.183999999999999773e+02,3.297023999999999546e+02
4.595999999999999659e+02,7.223999999999999773e+02
2.966399999999999864e+02,3.398399999999999750e+02
4.492799999999999159e+02,1.002239999999999895e+02
4.391999999999999886e+02,4.631999999999999886e+02
3.860000000000000000e+02,7.300000000000000000e+02
6.047999999999999545e+02,7.667999999999999545e+02
4.410000000000000000e+02,5.160000000000000000e+02
3.420000000000000000e+02,7.740000000000000000e+02
6.050000000000000000e+02,8.870000000000000000e+02
5.648486399999998184e+02,7.440076799999998229e+02
3.600000000000000000e+02,3.940000000000000000e+02
3.700000000000000000e+02,3.190000000000000000e+02
4.360000000000000000e+02,7.730000000000000000e+02
3.860000000000000000e+02,7.550000000000000000e+02
3.732479999999999905e+02,7.195391999999999371e+02
4.379443199999998910e+02,4.180377599999998779e+02
5.150000000000000000e+02,6.030000000000000000e+02
2.794881023999999456e+02,3.404021759999999404e+02
3.950000000000000000e+02,7.660000000000000000e+02
4.270000000000000000e+02,7.290000000000000000e+02
2.972159999999999513e+02,3.404159999999999400e+02
3.410000000000000000e+02,7.660000000000000000e+02
5.253119999999998981e+02,7.240319999999999254e+02
5.960000000000000000e+02,7.630000000000000000e+02
3.499199999999999591e+02,3.470399999999999636e+02
4.100000000000000000e+02,3.940000000000000000e+02
4.535999999999999659e+02,4.751999999999999886e+02
3.528000000000000114e+02,4.043999999999999773e+02
4.190000000000000000e+02,4.540000000000000000e+02
4.860000000000000000e+02,6.120000000000000000e+02
5.587200000000000273e+02,8.726399999999999864e+02
5.440000000000000000e+02,8.900000000000000000e+02
5.889599999999999227e+02,8.827199999999999136e+02
5.147999999999999545e+02,6.623999999999999773e+02
3.326399999999999864e+02,3.383999999999999773e+02
4.260000000000000000e+02,2.920000000000000000e+02
5.700000000000000000e+02,9.260000000000000000e+02
3.905279999999999632e+02,7.361279999999999291e+02
4.643999999999999773e+02,6.983999999999999773e+02
5.150000000000000000e+02,6.620000000000000000e+02
3.820000000000000000e+02,4.440000000000000000e+02
3.326399999999999864e+02,7.876799999999999500e+02
3.340000000000000000e+02,7.740000000000000000e+02
3.528000000000000114e+02,3.575999999999999659e+02
5.543999999999999773e+02,4.680000000000000000e+02
3.720000000000000000e+02,4.680000000000000000e+02
3.520000000000000000e+02,4.040000000000000000e+02
4.582655999999999494e+02,5.204735999999999194e+02
4.008000000000000114e+02,4.548000000000000114e+02
3.708000000000000114e+02,3.720000000000000000e+02
3.480000000000000000e+02,3.660000000000000000e+02
5.676000000000000227e+02,9.191999999999999318e+02
5.210000000000000000e+02,8.890000000000000000e+02
3.340799999999999841e+02,7.315199999999999818e+02
3.580000000000000000e+02,3.900000000000000000e+02
6.687359999999998763e+02,8.380799999999999272e+02
5.720000000000000000e+02,8.880000000000000000e+02
4.210000000000000000e+02,7.090000000000000000e+02
4.720000000000000000e+02,7.310000000000000000e+02
3.455999999999999659e+02,7.751999999999999318e+02
4.290000000000000000e+02,2.920000000000000000e+02
4.276800000000000068e+02,3.945600000000000023e+02
4.996800000000000068e+02,7.862400000000000091e+02
6.013439999999999372e+02,7.651583999999999151e+02
6.179327999999999292e+02,8.107776000000000067e+02
4.620000000000000000e+02,3.030000000000000000e+02
4.175999999999999659e+02,4.631999999999999886e+02
3.974399999999999977e+02,6.868799999999999955e+02
6.177599999999999909e+02,8.092799999999999727e+02
5.070000000000000000e+02,3.110000000000000000e+02
1.740000000000000000e+02,5.567999999999999545e+02
4.240000000000000000e+02,5.030000000000000000e+02
3.340000000000000000e+02,7.310000000000000000e+02
3.143999999999999773e+02,6.863999999999999773e+02
3.750000000000000000e+02,4.930000000000000000e+02
4.570000000000000000e+02,5.190000000000000000e+02
5.581439999999998918e+02,7.983359999999998990e+02
4.190399999999999636e+02,3.182400000000000091e+02
3.370000000000000000e+02,3.360000000000000000e+02
3.922559999999999718e+02,7.447679999999999154e+02
4.924799999999999045e+02,7.724159999999999400e+02
5.950000000000000000e+02,8.770000000000000000e+02
3.340000000000000000e+02,7.700000000000000000e+02
5.740000000000000000e+02,9.240000000000000000e+02
4.991999999999999886e+02,7.860000000000000000e+02
6.146150399999999081e+02,7.589375999999998612e+02
3.071999999999999886e+02,4.548000000000000114e+02
4.000000000000000000e+02,3.140000000000000000e+02
3.433881599999999139e+02,4.205260799999999222e+02
4.140000000000000000e+02,3.300000000000000000e+02
5.918400000000000318e+02,6.767999999999999545e+02
3.801599999999999682e+02,7.430399999999999636e+02
6.210000000000000000e+02,8.850000000000000000e+02
5.598719999999999573e+02,4.682879999999999541e+02
5.660928000000000111e+02,8.999423999999999069e+02
1.517875199999999722e+02,4.877107199999998670e+02
4.223999999999999773e+02,4.583999999999999773e+02
5.171999999999999318e+02,6.516000000000000227e+02
3.144959999999999809e+02,6.877439999999999145e+02
3.708000000000000114e+02,7.187999999999999545e+02
4.368000000000000114e+02,4.823999999999999773e+02
4.130000000000000000e+02,3.260000000000000000e+02
4.008000000000000114e+02,3.240000000000000000e+02
3.380000000000000000e+02,7.880000000000000000e+02
4.570000000000000000e+02,3.020000000000000000e+02
3.890000000000000000e+02,3.000000000000000000e+02
3.500000000000000000e+02,3.550000000000000000e+02
4.235999999999999659e+02,4.667999999999999545e+02
5.196000000000000227e+02,6.120000000000000000e+02
3.791999999999999886e+02,7.056000000000000227e+02
4.120000000000000000e+02,4.360000000000000000e+02
3.780000000000000000e+02,3.750000000000000000e+02
6.121267199999998638e+02,8.933068799999997509e+02
3.790000000000000000e+02,7.460000000000000000e+02
4.390000000000000000e+02,4.750000000000000000e+02
3.863999999999999773e+02,7.103999999999999773e+02
5.400000000000000000e+02,8.020000000000000000e+02
4.260000000000000000e+02,4.583999999999999773e+02
5.650559999999999263e+02,9.002879999999998972e+02
3.991679999999999495e+02,7.378559999999998809e+02
6.134399999999999409e+02,8.933759999999998627e+02
4.630000000000000000e+02,4.180000000000000000e+02
3.801599999999999682e+02,7.056000000000000227e+02
3.335039999999999623e+02,7.741439999999998918e+02
6.117119999999999891e+02,8.916479999999999109e+02
3.828000000000000114e+02,4.440000000000000000e+02
6.011999999999999318e+02,7.607999999999999545e+02
3.948000000000000114e+02,4.967999999999999545e+02
6.117119999999999891e+02,7.713791999999999689e+02
5.477759999999999536e+02,8.933759999999998627e+02
5.573836799999999130e+02,7.987507199999997738e+02
3.196799999999999500e+02,4.095359999999999445e+02
5.673369599999998627e+02,5.494210559999999077e+02
3.510000000000000000e+02,4.360000000000000000e+02
4.100000000000000000e+02,2.930000000000000000e+02
3.650000000000000000e+02,3.590000000000000000e+02
4.835999999999999659e+02,4.283999999999999773e+02
5.390000000000000000e+02,7.550000000000000000e+02
6.283007999999999811e+02,8.605439999999999827e+02
4.120000000000000000e+02,3.220000000000000000e+02
5.963999999999999773e+02,7.631999999999999318e+02
3.851999999999999886e+02,7.416000000000000227e+02
3.420000000000000000e+02,7.631999999999999318e+02
3.900000000000000000e+02,7.270000000000000000e+02
4.440000000000000000e+02,2.940000000000000000e+02
4.590000000000000000e+02,3.120000000000000000e+02
4.375295999999999594e+02,4.188671999999999684e+02
3.140000000000000000e+02,7.110000000000000000e+02
3.600000000000000000e+02,3.935999999999999659e+02
5.996159999999998718e+02,8.104319999999999027e+02
3.900000000000000000e+02,7.271999999999999318e+02
4.640000000000000000e+02,3.020000000000000000e+02
3.563999999999999773e+02,7.787999999999999545e+02
4.248000000000000114e+02,5.075999999999999659e+02
3.750000000000000000e+02,4.560000000000000000e+02
4.020000000000000000e+02,6.851999999999999318e+02
4.823999999999999773e+02,7.727999999999999545e+02
4.924799999999999613e+02,7.718399999999999181e+02
4.248000000000000114e+02,5.040000000000000000e+02
3.790000000000000000e+02,7.050000000000000000e+02
4.593599999999999568e+02,7.228799999999999955e+02
4.248000000000000114e+02,7.200000000000000000e+02
3.280000000000000000e+02,4.430000000000000000e+02
3.710000000000000000e+02,4.650000000000000000e+02
4.200000000000000000e+02,1.160000000000000000e+02
5.633279999999999745e+02,5.495039999999999054e+02
6.270566399999999021e+02,8.599633919999997715e+02
4.665600000000000023e+02,4.209407999999999674e+02
6.690000000000000000e+02,8.360000000000000000e+02
4.750000000000000000e+02,3.640000000000000000e+02
4.920000000000000000e+02,7.860000000000000000e+02
3.151871999999999616e+02,3.442176000000000045e+02
5.630000000000000000e+02,5.490000000000000000e+02
5.190000000000000000e+02,6.650000000000000000e+02
6.010000000000000000e+02,7.600000000000000000e+02
4.670000000000000000e+02,2.990000000000000000e+02
3.483648000000000025e+02,8.252927999999999429e+02
3.911999999999999886e+02,4.488000000000000114e+02
6.020000000000000000e+02,7.560000000000000000e+02
4.590000000000000000e+02,7.220000000000000000e+02
3.193343999999999596e+02,3.504384000000000015e+02
4.050000000000000000e+02,3.200000000000000000e+02
4.350000000000000000e+02,4.700000000000000000e+02
3.191999999999999886e+02,3.468000000000000114e+02
3.420000000000000000e+02,7.970000000000000000e+02
4.391999999999999886e+02,7.847999999999999545e+02
4.960000000000000000e+02,4.210000000000000000e+02
4.080000000000000000e+02,6.950000000000000000e+02
3.311999999999999886e+02,7.596000000000000227e+02
3.630000000000000000e+02,4.600000000000000000e+02
4.280000000000000000e+02,7.560000000000000000e+02
3.830000000000000000e+02,7.040000000000000000e+02
3.710000000000000000e+02,7.210000000000000000e+02
3.873600000000000136e+02,7.300799999999999272e+02
5.250000000000000000e+02,4.430000000000000000e+02
3.840000000000000000e+02,3.791999999999999886e+02
4.320000000000000000e+02,3.190000000000000000e+02
3.815423999999999864e+02,7.444223999999999251e+02
5.651999999999999318e+02,8.076000000000000227e+02
6.062400000000000091e+02,8.913600000000000136e+02
5.060000000000000000e+02,4.280000000000000000e+02
4.080000000000000000e+02,3.150000000000000000e+02
3.180000000000000000e+02,7.163999999999999773e+02
5.807999999999999545e+02,5.063999999999999773e+02
3.160166399999999385e+02,4.130611199999999030e+02
5.591999999999999318e+02,4.680000000000000000e+02
2.963999999999999773e+02,3.395999999999999659e+02
4.590000000000000000e+02,3.850000000000000000e+02
4.161599999999999682e+02,7.228799999999999955e+02
3.430000000000000000e+02,7.700000000000000000e+02
5.610000000000000000e+02,7.140000000000000000e+02
3.890000000000000000e+02,4.470000000000000000e+02
4.607999999999999545e+02,2.975999999999999659e+02
6.272639999999998963e+02,8.605439999999998690e+02
4.571999999999999886e+02,3.875999999999999659e+02
3.600000000000000000e+02,3.600000000000000000e+02
3.030000000000000000e+02,3.350000000000000000e+02
3.960000000000000000e+02,7.716000000000000227e+02
4.248000000000000114e+02,7.667999999999999545e+02
4.003199999999999932e+02,7.703999999999999773e+02
4.640000000000000000e+02,6.950000000000000000e+02
3.790000000000000000e+02,3.790000000000000000e+02
3.300000000000000000e+02,7.440000000000000000e+02
6.186239999999999100e+02,8.104319999999999027e+02
6.681599999999999682e+02,8.366399999999999864e+02
4.022783999999999764e+02,7.713791999999999689e+02
5.149439999999999600e+02,7.896959999999999127e+02
6.099839999999999236e+02,8.916479999999999109e+02
3.950000000000000000e+02,7.350000000000000000e+02
5.580000000000000000e+02,4.643999999999999773e+02
5.944319999999999027e+02,8.812799999999998590e+02
4.271999999999999886e+02,7.607999999999999545e+02
3.935999999999999659e+02,7.583999999999999773e+02
4.223999999999999773e+02,7.500000000000000000e+02
5.640191999999999553e+02,5.495040000000000191e+02
4.120000000000000000e+02,3.280000000000000000e+02
5.150000000000000000e+02,6.150000000000000000e+02
5.327999999999999545e+02,8.351999999999999318e+02
4.631999999999999886e+02,8.063999999999999773e+02
3.460000000000000000e+02,8.270000000000000000e+02
5.676000000000000227e+02,8.880000000000000000e+02
6.307199999999999136e+02,8.985599999999998317e+02
5.601599999999999682e+02,4.737599999999999909e+02
5.543999999999999773e+02,4.643999999999999773e+02
3.715199999999999818e+02,7.185599999999999454e+02
3.455999999999999659e+02,3.455999999999999659e+02
3.320000000000000000e+02,7.600000000000000000e+02
3.180000000000000000e+02,7.150000000000000000e+02
3.296526335999999446e+02,4.048994303999999147e+02
5.140000000000000000e+02,7.880000000000000000e+02
3.740000000000000000e+02,4.150000000000000000e+02
4.508835839999998711e+02,1.015234559999999817e+02
3.556800000000000068e+02,4.031999999999999886e+02
4.730000000000000000e+02,7.580000000000000000e+02
3.211200000000000045e+02,7.300799999999999272e+02
4.838399999999999750e+02,7.732799999999999727e+02
3.468000000000000114e+02,3.503999999999999773e+02
4.151999999999999886e+02,3.168000000000000114e+02
4.391999999999999886e+02,4.751999999999999886e+02
4.040000000000000000e+02,2.930000000000000000e+02
3.508531199999999330e+02,7.091711999999998852e+02
5.327999999999999545e+02,8.856000000000000227e+02
