3.800000000000000000e+02,3.090000000000000000e+02
3.700000000000000000e+02,7.060000000000000000e+02
3.520000000000000000e+02,6.440000000000000000e+02
3.803999999999999773e+02,3.095999999999999659e+02
4.500000000000000000e+02,6.370000000000000000e+02
2.951999999999999886e+02,1.884000000000000057e+02
4.560000000000000000e+02,6.100000000000000000e+02
4.665599999999999454e+02,6.359039999999998827e+02
3.275999999999999659e+02,6.480000000000000000e+02
2.950000000000000000e+02,1.890000000000000000e+02
2.980000000000000000e+02,1.780000000000000000e+02
4.463999999999999773e+02,6.240000000000000000e+02
2.700000000000000000e+02,5.240000000000000000e+02
4.040000000000000000e+02,3.050000000000000000e+02
4.463999999999999773e+02,6.235199999999999818e+02
4.643999999999999773e+02,6.371999999999999318e+02
4.450000000000000000e+02,6.240000000000000000e+02
4.285439999999999259e+02,6.307199999999999136e+02
4.070000000000000000e+02,3.060000000000000000e+02
3.820000000000000000e+02,3.070000000000000000e+02
3.550000000000000000e+02,6.990000000000000000e+02
2.700000000000000000e+02,5.243999999999999773e+02
2.960000000000000000e+02,2.000000000000000000e+02
4.043999999999999773e+02,3.048000000000000114e+02
4.650000000000000000e+02,6.380000000000000000e+02
3.670000000000000000e+02,7.060000000000000000e+02
3.820000000000000000e+02,2.990000000000000000e+02
3.815999999999999659e+02,3.095999999999999659e+02
3.120000000000000000e+02,1.751999999999999886e+02
2.988000000000000114e+02,1.704000000000000057e+02
4.535999999999999659e+02,6.148799999999999955e+02
4.360000000000000000e+02,5.880000000000000000e+02
3.160000000000000000e+02,1.900000000000000000e+02
2.740000000000000000e+02,1.870000000000000000e+02
3.155999999999999659e+02,1.895999999999999943e+02
3.350000000000000000e+02,6.450000000000000000e+02
3.095999999999999659e+02,6.491999999999999318e+02
3.670000000000000000e+02,6.720000000000000000e+02
2.707199999999999704e+02,5.241599999999999682e+02
4.665600000000000023e+02,6.345215999999999212e+02
4.630000000000000000e+02,5.400000000000000000e+02
4.368000000000000114e+02,5.880000000000000000e+02
3.515999999999999659e+02,6.443999999999999773e+02
4.651200000000000045e+02,6.350399999999999636e+02
4.630000000000000000e+02,6.490000000000000000e+02
4.748543999999999983e+02,6.780671999999999571e+02
4.262400000000000091e+02,6.292799999999999727e+02
2.975999999999999659e+02,1.787999999999999829e+02
4.031999999999999886e+02,2.880000000000000000e+02
3.671999999999999886e+02,6.720000000000000000e+02
4.640000000000000000e+02,6.210000000000000000e+02
4.100000000000000000e+02,3.070000000000000000e+02
3.863999999999999773e+02,3.360000000000000000e+02
4.751999999999999318e+02,6.791039999999999281e+02
4.046399999999999864e+02,3.052799999999999727e+02
4.120000000000000000e+02,2.940000000000000000e+02
4.160000000000000000e+02,2.890000000000000000e+02
4.100000000000000000e+02,2.860000000000000000e+02
3.150000000000000000e+02,1.830000000000000000e+02
3.048000000000000114e+02,6.636000000000000227e+02
3.153600000000000136e+02,1.828799999999999955e+02
4.678041599999999107e+02,6.345215999999998076e+02
2.951999999999999886e+02,1.871999999999999886e+02
2.990000000000000000e+02,1.710000000000000000e+02
2.970000000000000000e+02,2.480000000000000000e+02
3.760000000000000000e+02,7.160000000000000000e+02
4.631999999999999886e+02,6.491999999999999318e+02
4.260000000000000000e+02,6.300000000000000000e+02
2.963999999999999773e+02,1.991999999999999886e+02
4.492799999999999159e+02,6.238079999999998790e+02
3.155999999999999659e+02,1.835999999999999943e+02
3.550000000000000000e+02,7.050000000000000000e+02
3.270000000000000000e+02,6.490000000000000000e+02
4.020000000000000000e+02,2.868000000000000114e+02
2.740000000000000000e+02,5.290000000000000000e+02
4.420000000000000000e+02,6.390000000000000000e+02
3.860000000000000000e+02,3.360000000000000000e+02
4.511999999999999886e+02,6.180000000000000000e+02
3.700000000000000000e+02,6.910000000000000000e+02
4.020000000000000000e+02,2.870000000000000000e+02
3.095999999999999659e+02,6.494399999999999409e+02
4.449599999999999795e+02,6.263999999999999773e+02
3.700799999999999841e+02,7.041599999999999682e+02
4.747714559999998869e+02,6.778183679999998503e+02
3.873600000000000136e+02,3.355199999999999818e+02
4.687994879999998830e+02,6.330286079999998492e+02
3.500000000000000000e+02,6.960000000000000000e+02
3.052799999999999727e+02,6.638400000000000318e+02
4.163999999999999773e+02,2.891999999999999886e+02
4.440000000000000000e+02,6.263999999999999773e+02
3.560000000000000000e+02,6.700000000000000000e+02
3.860000000000000000e+02,3.390000000000000000e+02
4.210000000000000000e+02,2.800000000000000000e+02
3.755999999999999659e+02,7.163999999999999773e+02
2.748000000000000114e+02,1.871999999999999886e+02
4.050000000000000000e+02,2.870000000000000000e+02
2.890000000000000000e+02,5.410000000000000000e+02
4.500000000000000000e+02,6.371999999999999318e+02
4.180000000000000000e+02,2.990000000000000000e+02
3.470000000000000000e+02,3.180000000000000000e+02
3.880000000000000000e+02,3.260000000000000000e+02
3.542400000000000091e+02,3.240000000000000000e+02
2.850000000000000000e+02,7.210000000000000000e+02
4.737599999999999909e+02,6.796799999999999500e+02
3.503999999999999773e+02,6.960000000000000000e+02
3.760000000000000000e+02,7.080000000000000000e+02
4.250000000000000000e+02,6.280000000000000000e+02
3.708000000000000114e+02,7.043999999999999773e+02
4.128000000000000114e+02,2.940000000000000000e+02
3.124799999999999613e+02,1.771200000000000045e+02
4.548000000000000114e+02,6.096000000000000227e+02
3.671999999999999886e+02,6.791999999999999318e+02
3.270000000000000000e+02,1.840000000000000000e+02
4.510000000000000000e+02,6.180000000000000000e+02
3.190000000000000000e+02,6.540000000000000000e+02
3.275999999999999659e+02,1.835999999999999943e+02
4.068000000000000114e+02,3.071999999999999886e+02
4.535999999999999659e+02,6.156000000000000227e+02
3.530000000000000000e+02,3.240000000000000000e+02
2.954879999999999427e+02,1.866239999999999668e+02
4.030000000000000000e+02,2.990000000000000000e+02
4.271615999999999644e+02,6.303743999999999232e+02
3.510000000000000000e+02,3.150000000000000000e+02
3.563999999999999773e+02,6.996000000000000227e+02
4.055999999999999659e+02,2.868000000000000114e+02
3.300000000000000000e+02,1.850000000000000000e+02
4.667999999999999545e+02,6.287999999999999545e+02
3.203999999999999773e+02,6.576000000000000227e+02
4.031999999999999886e+02,3.023999999999999773e+02
2.980799999999999841e+02,1.699199999999999875e+02
3.191999999999999886e+02,6.540000000000000000e+02
4.538695679999999015e+02,6.270566399999999021e+02
3.110000000000000000e+02,1.760000000000000000e+02
3.720000000000000000e+02,3.520000000000000000e+02
3.700000000000000000e+02,3.280000000000000000e+02
3.939839999999999236e+02,3.611519999999999300e+02
2.748000000000000114e+02,5.280000000000000000e+02
4.115999999999999659e+02,2.868000000000000114e+02
3.300000000000000000e+02,1.880000000000000000e+02
4.667999999999999545e+02,5.820000000000000000e+02
4.450000000000000000e+02,5.690000000000000000e+02
4.740000000000000000e+02,6.791999999999999318e+02
4.164479999999999222e+02,3.006719999999999686e+02
4.535999999999999659e+02,5.987999999999999545e+02
4.740000000000000000e+02,6.800000000000000000e+02
4.150000000000000000e+02,5.930000000000000000e+02
3.940000000000000000e+02,3.200000000000000000e+02
3.758399999999999750e+02,7.171200000000000045e+02
3.200000000000000000e+02,6.570000000000000000e+02
3.556800000000000068e+02,7.099199999999999591e+02
4.490000000000000000e+02,6.070000000000000000e+02
3.144959999999999809e+02,1.883519999999999754e+02
3.686399999999999864e+02,6.724800000000000182e+02
3.030000000000000000e+02,5.760000000000000000e+02
3.571200000000000045e+02,6.998399999999999181e+02
4.682879999999999541e+02,6.289919999999999618e+02
4.030000000000000000e+02,3.020000000000000000e+02
3.828000000000000114e+02,3.060000000000000000e+02
2.903999999999999773e+02,1.835999999999999943e+02
4.680000000000000000e+02,6.292799999999999727e+02
4.126463999999999714e+02,2.882303999999999746e+02
4.550399999999999636e+02,6.091200000000000045e+02
2.900000000000000000e+02,1.830000000000000000e+02
3.800000000000000000e+02,3.120000000000000000e+02
3.887999999999999545e+02,3.352319999999999709e+02
4.180000000000000000e+02,3.400000000000000000e+02
3.220000000000000000e+02,6.700000000000000000e+02
4.752691199999998730e+02,6.768230399999998781e+02
2.980799999999999841e+02,1.800000000000000000e+02
3.695999999999999659e+02,6.911999999999999318e+02
4.129919999999999618e+02,2.885759999999999650e+02
4.650000000000000000e+02,5.710000000000000000e+02
3.058559999999999377e+02,6.635519999999999072e+02
4.658135039999999094e+02,6.342230015999998614e+02
3.144959999999999809e+02,1.779839999999999804e+02
4.235999999999999659e+02,3.420000000000000000e+02
3.528000000000000114e+02,3.240000000000000000e+02
4.377599999999999909e+02,5.875199999999999818e+02
2.891999999999999886e+02,5.411999999999999318e+02
4.560000000000000000e+02,5.790000000000000000e+02
3.360000000000000000e+02,1.660000000000000000e+02
4.410000000000000000e+02,6.420000000000000000e+02
2.843999999999999773e+02,7.211999999999999318e+02
4.430000000000000000e+02,5.480000000000000000e+02
4.729798655999998687e+02,6.772211711999998442e+02
2.980000000000000000e+02,1.940000000000000000e+02
2.831999999999999886e+02,1.860000000000000000e+02
3.836159999999999286e+02,3.093119999999999550e+02
4.147199999999999704e+02,3.009599999999999795e+02
3.211200000000000045e+02,6.566399999999999864e+02
4.161599999999999682e+02,2.880000000000000000e+02
3.680000000000000000e+02,6.800000000000000000e+02
3.540000000000000000e+02,7.020000000000000000e+02
3.020000000000000000e+02,6.540000000000000000e+02
4.260000000000000000e+02,6.300000000000000000e+02
3.708000000000000114e+02,3.275999999999999659e+02
3.551999999999999886e+02,7.103999999999999773e+02
4.060799999999999272e+02,2.885759999999999650e+02
2.930000000000000000e+02,1.850000000000000000e+02
4.190399999999999636e+02,5.918400000000000318e+02
3.801599999999999682e+02,3.124799999999999613e+02
4.640000000000000000e+02,5.790000000000000000e+02
1.780000000000000000e+02,2.400000000000000000e+01
4.103999999999999773e+02,3.060000000000000000e+02
4.188000000000000114e+02,6.083999999999999773e+02
3.981311999999999216e+02,3.010867199999999571e+02
3.010000000000000000e+02,6.650000000000000000e+02
3.590000000000000000e+02,6.890000000000000000e+02
2.764800000000000182e+02,1.871999999999999886e+02
4.550639615999999137e+02,6.270566399999999021e+02
2.750399999999999636e+02,5.270399999999999636e+02
4.510079999999999245e+02,6.186239999999999100e+02
4.180000000000000000e+02,6.580000000000000000e+02
3.939839999999999236e+02,3.214079999999999586e+02
4.530000000000000000e+02,5.690000000000000000e+02
2.778623999999999796e+02,1.866239999999999952e+02
4.031999999999999886e+02,2.988000000000000114e+02
4.580000000000000000e+02,5.700000000000000000e+02
3.360000000000000000e+02,6.456000000000000227e+02
4.200000000000000000e+02,2.840000000000000000e+02
4.530000000000000000e+02,6.160000000000000000e+02
4.507199999999999704e+02,6.191999999999999318e+02
2.995199999999999818e+02,2.476799999999999784e+02
4.528742399999998725e+02,6.270566399999999021e+02
4.460000000000000000e+02,6.060000000000000000e+02
4.463999999999999773e+02,6.060000000000000000e+02
3.170000000000000000e+02,1.860000000000000000e+02
2.330000000000000000e+02,5.440000000000000000e+02
2.740000000000000000e+02,5.240000000000000000e+02
3.250000000000000000e+02,6.710000000000000000e+02
3.023999999999999773e+02,1.762559999999999718e+02
4.031999999999999886e+02,3.023999999999999773e+02
4.643999999999999773e+02,6.216000000000000227e+02
3.040000000000000000e+02,5.740000000000000000e+02
4.430000000000000000e+02,5.500000000000000000e+02
3.311999999999999886e+02,1.884000000000000057e+02
2.960000000000000000e+02,2.090000000000000000e+02
4.190399999999999636e+02,3.412799999999999727e+02
3.910000000000000000e+02,3.250000000000000000e+02
3.931200000000000045e+02,3.614399999999999977e+02
4.600000000000000000e+02,5.800000000000000000e+02
3.715199999999999818e+02,3.268799999999999955e+02
4.631999999999999886e+02,5.400000000000000000e+02
3.715199999999999250e+02,7.032959999999999354e+02
2.851200000000000045e+02,7.214399999999999409e+02
3.270000000000000000e+02,1.730000000000000000e+02
4.400000000000000000e+02,6.710000000000000000e+02
4.248000000000000114e+02,3.412799999999999727e+02
3.931545599999998899e+02,3.209932799999999133e+02
3.697919999999999732e+02,6.739199999999999591e+02
2.520000000000000000e+02,5.460000000000000000e+02
3.648000000000000114e+02,7.091999999999999318e+02
3.590000000000000000e+02,7.040000000000000000e+02
2.520000000000000000e+02,5.460000000000000000e+02
3.974399999999999409e+02,3.006719999999999686e+02
3.916800000000000068e+02,3.196800000000000068e+02
3.640000000000000000e+02,7.090000000000000000e+02
4.360000000000000000e+02,6.470000000000000000e+02
3.048191999999999666e+02,1.928447999999999922e+02
3.902400000000000091e+02,3.513600000000000136e+02
3.155999999999999659e+02,1.800000000000000000e+02
4.583999999999999773e+02,5.700000000000000000e+02
4.046399999999999864e+02,3.542400000000000091e+02
3.058559999999999377e+02,1.918079999999999643e+02
3.540000000000000000e+02,7.100000000000000000e+02
2.985983999999999696e+02,1.700352000000000032e+02
3.140000000000000000e+02,2.400000000000000000e+02
4.561919999999999504e+02,6.151679999999998927e+02
4.110000000000000000e+02,6.080000000000000000e+02
4.420000000000000000e+02,5.800000000000000000e+02
3.160000000000000000e+02,1.800000000000000000e+02
2.786918399999999565e+02,1.866239999999999668e+02
3.948000000000000114e+02,3.191999999999999886e+02
3.254399999999999977e+02,1.843199999999999932e+02
4.043999999999999773e+02,3.540000000000000000e+02
2.180000000000000000e+02,3.810000000000000000e+02
3.863999999999999773e+02,3.191999999999999886e+02
3.794687999999999874e+02,3.400704000000000065e+02
3.048000000000000114e+02,6.060000000000000000e+02
3.911999999999999886e+02,3.191999999999999886e+02
4.530000000000000000e+02,5.990000000000000000e+02
4.528742399999998725e+02,6.195916799999998830e+02
3.753215999999999894e+02,7.050240000000000009e+02
3.265919999999999277e+02,1.831679999999999779e+02
4.530000000000000000e+02,6.740000000000000000e+02
3.898367999999999824e+02,3.359232000000000085e+02
3.570000000000000000e+02,6.670000000000000000e+02
4.022783999999999764e+02,3.027455999999999676e+02
4.118399999999999750e+02,2.880000000000000000e+02
3.818879999999999200e+02,3.127679999999999723e+02
1.787999999999999829e+02,2.400000000000000000e+01
3.139200000000000159e+02,1.886399999999999864e+02
3.720000000000000000e+02,6.876000000000000227e+02
3.035999999999999659e+02,5.736000000000000227e+02
3.939839999999999804e+02,3.628799999999999955e+02
3.560000000000000000e+02,7.100000000000000000e+02
3.720000000000000000e+02,3.528000000000000114e+02
3.110399999999999636e+02,1.928447999999999922e+02
3.093119999999999550e+02,6.514559999999999036e+02
4.440000000000000000e+02,6.260000000000000000e+02
2.747519999999999527e+02,5.270399999999999636e+02
5.260000000000000000e+02,9.300000000000000000e+01
3.276287999999999556e+02,6.490367999999999711e+02
2.757887999999999806e+02,5.266943999999999733e+02
4.570000000000000000e+02,6.170000000000000000e+02
3.131999999999999886e+02,6.671999999999999318e+02
3.590000000000000000e+02,3.410000000000000000e+02
3.268799999999999955e+02,6.494399999999999409e+02
4.620000000000000000e+02,5.700000000000000000e+02
3.052799999999999727e+02,6.062400000000000091e+02
4.188000000000000114e+02,5.927999999999999545e+02
3.700799999999999841e+02,6.911999999999999318e+02
4.583999999999999773e+02,6.083999999999999773e+02
4.535999999999999659e+02,5.687999999999999545e+02
3.371999999999999886e+02,1.667999999999999829e+02
3.920000000000000000e+02,4.590000000000000000e+02
4.428000000000000114e+02,5.796000000000000227e+02
3.960575999999999794e+02,3.006719999999999686e+02
3.588000000000000114e+02,7.031999999999999318e+02
3.000000000000000000e+02,2.530000000000000000e+02
2.080000000000000000e+02,5.260000000000000000e+02
2.988000000000000114e+02,2.471999999999999886e+02
3.700799999999999841e+02,6.840000000000000000e+02
3.559679999999999609e+02,7.102079999999998563e+02
3.551999999999999886e+02,6.707999999999999545e+02
4.460000000000000000e+02,5.770000000000000000e+02
3.058559999999999377e+02,6.047999999999999545e+02
4.223999999999999773e+02,2.808000000000000114e+02
4.760000000000000000e+02,5.550000000000000000e+02
3.905279999999999632e+02,3.507839999999999350e+02
4.180000000000000000e+02,5.920000000000000000e+02
4.026239999999999668e+02,3.023999999999999773e+02
4.680000000000000000e+02,5.817599999999999909e+02
3.919103999999999814e+02,3.214079999999999586e+02
4.132799999999999727e+02,2.937599999999999909e+02
4.200000000000000000e+02,2.831999999999999886e+02
4.510000000000000000e+02,6.210000000000000000e+02
3.360000000000000000e+02,1.704000000000000057e+02
4.470000000000000000e+02,6.220000000000000000e+02
2.830000000000000000e+02,1.860000000000000000e+02
3.860000000000000000e+02,3.160000000000000000e+02
3.214079999999999586e+02,6.583679999999999382e+02
4.140000000000000000e+02,3.011999999999999886e+02
4.415999999999999659e+02,6.287999999999999545e+02
3.923999999999999773e+02,3.611999999999999886e+02
3.490000000000000000e+02,3.220000000000000000e+02
4.643999999999999773e+02,5.796000000000000227e+02
4.181759999999999309e+02,2.868479999999999563e+02
4.140000000000000000e+02,2.963999999999999773e+02
3.600000000000000000e+02,7.027200000000000273e+02
2.923775999999999726e+02,1.969919999999999902e+02
4.043519999999999186e+02,3.542399999999999523e+02
3.070000000000000000e+02,6.540000000000000000e+02
4.970000000000000000e+02,1.480000000000000000e+02
4.250000000000000000e+02,6.240000000000000000e+02
3.800000000000000000e+02,3.430000000000000000e+02
3.750000000000000000e+02,6.770000000000000000e+02
3.571200000000000045e+02,7.056000000000000227e+02
2.782079999999999700e+02,1.866239999999999668e+02
4.595999999999999659e+02,6.107999999999999545e+02
3.491999999999999886e+02,3.215999999999999659e+02
4.655999999999999659e+02,5.700000000000000000e+02
4.175999999999999659e+02,3.455999999999999659e+02
3.196799999999999500e+02,1.848959999999999866e+02
2.087999999999999829e+02,5.256000000000000227e+02
4.607999999999999545e+02,5.796000000000000227e+02
3.040000000000000000e+02,6.640000000000000000e+02
4.720000000000000000e+02,6.600000000000000000e+02
4.140000000000000000e+02,3.010000000000000000e+02
4.715999999999999659e+02,6.647999999999999545e+02
3.360000000000000000e+02,1.700000000000000000e+02
3.686399999999999864e+02,6.782400000000000091e+02
2.500000000000000000e+02,5.340000000000000000e+02
4.488000000000000114e+02,5.663999999999999773e+02
4.651200000000000045e+02,5.788799999999999955e+02
2.303999999999999773e+02,6.359999999999999432e+01
3.888000000000000114e+02,3.263999999999999773e+02
3.513600000000000136e+02,6.451200000000000045e+02
2.990000000000000000e+02,5.770000000000000000e+02
4.160000000000000000e+02,3.420000000000000000e+02
4.115999999999999659e+02,6.083999999999999773e+02
4.410000000000000000e+02,6.290000000000000000e+02
3.050000000000000000e+02,6.060000000000000000e+02
3.971358719999998925e+02,2.985983999999999128e+02
3.757363199999999210e+02,7.066828799999998409e+02
3.151871999999999616e+02,1.783295999999999992e+02
3.680000000000000000e+02,3.540000000000000000e+02
4.550000000000000000e+02,5.590000000000000000e+02
4.600000000000000000e+02,6.760000000000000000e+02
4.665600000000000023e+02,5.702400000000000091e+02
3.484799999999999613e+02,3.168000000000000114e+02
4.161599999999999682e+02,5.932799999999999727e+02
4.710000000000000000e+02,6.650000000000000000e+02
3.695999999999999659e+02,6.840000000000000000e+02
3.150000000000000000e+02,2.370000000000000000e+02
4.535999999999999659e+02,6.743999999999999773e+02
2.880000000000000000e+02,7.040000000000000000e+02
3.075563519999999471e+02,6.031687679999998863e+02
4.510079999999999245e+02,6.307199999999999136e+02
3.006719999999999686e+02,1.741824000000000012e+02
4.170000000000000000e+02,3.450000000000000000e+02
3.940000000000000000e+02,3.020000000000000000e+02
3.499199999999999591e+02,3.211200000000000045e+02
3.330000000000000000e+02,1.870000000000000000e+02
3.860000000000000000e+02,3.190000000000000000e+02
3.898367999999999824e+02,3.504384000000000015e+02
3.556800000000000068e+02,6.710399999999999636e+02
3.060000000000000000e+02,6.200000000000000000e+01
4.415999999999999659e+02,6.396000000000000227e+02
4.727807999999999993e+02,5.723135999999999513e+02
3.770000000000000000e+02,3.450000000000000000e+02
3.080000000000000000e+02,1.860000000000000000e+02
3.480000000000000000e+02,3.168000000000000114e+02
4.310000000000000000e+02,5.540000000000000000e+02
3.130000000000000000e+02,6.670000000000000000e+02
4.770000000000000000e+02,5.500000000000000000e+02
3.260000000000000000e+02,6.530000000000000000e+02
3.720000000000000000e+02,6.870000000000000000e+02
4.403999999999999773e+02,6.707999999999999545e+02
2.090879999999999654e+02,5.253119999999998981e+02
3.800000000000000000e+02,3.230000000000000000e+02
3.910000000000000000e+02,3.740000000000000000e+02
4.700000000000000000e+02,5.400000000000000000e+02
4.040000000000000000e+02,3.540000000000000000e+02
3.330000000000000000e+02,1.640000000000000000e+02
3.930000000000000000e+02,3.270000000000000000e+02
3.815423999999999864e+02,3.131135999999999626e+02
3.720000000000000000e+02,3.550000000000000000e+02
2.764800000000000182e+02,5.097599999999999909e+02
4.610000000000000000e+02,5.700000000000000000e+02
2.937599999999999341e+02,1.918079999999999643e+02
3.441599999999999682e+02,5.572799999999999727e+02
2.087999999999999829e+02,5.256000000000000227e+02
4.670000000000000000e+02,5.810000000000000000e+02
3.890000000000000000e+02,3.680000000000000000e+02
4.717439999999999145e+02,5.719679999999999609e+02
2.851199999999999477e+02,1.866239999999999668e+02
2.851199999999999477e+02,7.223039999999998599e+02
3.697919999999999732e+02,6.842879999999998972e+02
2.390000000000000000e+02,5.420000000000000000e+02
4.622400000000000091e+02,5.702400000000000091e+02
2.880000000000000000e+02,7.300000000000000000e+02
4.190399999999999636e+02,2.995199999999999818e+02
2.944511999999999716e+02,1.866239999999999952e+02
3.559679999999999609e+02,6.963839999999999009e+02
3.560000000000000000e+02,2.190000000000000000e+02
2.980799999999999841e+02,1.987199999999999989e+02
4.561919999999999504e+02,5.992703999999999951e+02
3.068927999999999656e+02,6.034175999999999931e+02
3.311999999999999886e+02,1.886399999999999864e+02
4.550399999999999636e+02,5.687999999999999545e+02
5.046312959999999066e+02,1.433272319999999809e+02
3.160166399999999385e+02,1.866239999999999668e+02
3.863999999999999773e+02,3.395999999999999659e+02
3.803999999999999773e+02,3.131999999999999886e+02
4.775999999999999659e+02,6.156000000000000227e+02
2.423999999999999773e+02,5.196000000000000227e+02
4.435199999999999818e+02,5.803199999999999363e+02
3.888000000000000114e+02,3.515999999999999659e+02
4.511999999999999886e+02,5.676000000000000227e+02
3.828000000000000114e+02,2.988000000000000114e+02
3.023999999999999773e+02,6.540000000000000000e+02
4.593599999999999568e+02,5.702400000000000091e+02
3.941498879999999190e+02,3.224862719999999285e+02
3.749759999999999422e+02,7.188479999999999563e+02
2.430000000000000000e+02,5.190000000000000000e+02
3.840000000000000000e+02,3.370000000000000000e+02
4.613759999999999195e+02,6.117119999999998754e+02
4.420000000000000000e+02,5.320000000000000000e+02
1.860000000000000000e+02,3.730000000000000000e+02
2.880000000000000000e+02,7.043999999999999773e+02
4.220000000000000000e+02,2.770000000000000000e+02
4.480000000000000000e+02,5.670000000000000000e+02
2.640000000000000000e+02,5.090000000000000000e+02
4.150517759999999043e+02,3.015843839999999432e+02
3.290000000000000000e+02,1.630000000000000000e+02
2.966399999999999864e+02,2.073599999999999852e+02
3.749759999999999422e+02,6.773759999999998627e+02
3.090000000000000000e+02,6.500000000000000000e+02
4.550399999999999636e+02,5.990399999999999636e+02
3.974399999999999977e+02,3.009599999999999795e+02
2.894399999999999977e+02,1.958400000000000034e+02
2.300000000000000000e+02,6.400000000000000000e+01
3.890000000000000000e+02,3.520000000000000000e+02
3.500000000000000000e+02,7.160000000000000000e+02
4.561919999999999504e+02,5.996159999999998718e+02
5.280000000000000000e+02,5.800000000000000000e+01
4.801462271999998848e+02,5.948080127999999149e+02
4.470000000000000000e+02,6.740000000000000000e+02
4.499711999999999534e+02,6.200063999999999851e+02
4.980000000000000000e+02,1.475999999999999943e+02
3.340000000000000000e+02,1.610000000000000000e+02
3.196800000000000068e+02,1.843199999999999932e+02
4.590000000000000000e+02,6.220000000000000000e+02
2.760000000000000000e+02,5.100000000000000000e+02
3.089663999999999646e+02,6.511103999999999132e+02
1.860000000000000000e+02,3.731999999999999886e+02
2.419199999999999875e+02,1.151999999999999886e+02
3.068927999999999656e+02,1.762560000000000002e+02
2.649599999999999795e+02,5.083199999999999932e+02
3.240000000000000000e+02,1.860000000000000000e+02
1.980000000000000000e+02,3.730000000000000000e+02
3.671999999999999886e+02,7.084800000000000182e+02
3.585600000000000023e+02,6.955199999999999818e+02
4.230000000000000000e+02,6.210000000000000000e+02
4.090798079999999004e+02,2.926264319999999088e+02
2.094335999999999842e+02,5.246207999999999174e+02
4.570000000000000000e+02,6.200000000000000000e+02
4.360000000000000000e+02,5.910000000000000000e+02
4.420799999999999841e+02,6.292799999999999727e+02
3.038399999999999750e+02,5.731200000000000045e+02
3.729599999999999795e+02,6.868799999999999955e+02
3.859199999999999591e+02,3.398399999999999750e+02
3.902400000000000091e+02,3.268799999999999955e+02
2.770000000000000000e+02,4.520000000000000000e+02
3.923999999999999773e+02,3.240000000000000000e+02
2.950000000000000000e+02,5.840000000000000000e+02
4.530000000000000000e+02,5.740000000000000000e+02
3.011999999999999886e+02,2.520000000000000000e+02
4.130611199999999030e+02,3.035750399999999445e+02
2.995199999999999818e+02,1.742399999999999807e+02
4.084991999999999734e+02,6.635519999999999072e+02
2.989439999999999600e+02,1.935359999999999729e+02
3.732479999999999336e+02,6.768230399999998781e+02
4.703999999999999773e+02,5.711999999999999318e+02
4.470000000000000000e+02,5.410000000000000000e+02
2.989439999999999600e+02,1.987199999999999704e+02
3.743999999999999773e+02,6.767999999999999545e+02
4.269957119999999122e+02,6.151127039999998942e+02
3.525120000000000005e+02,7.257599999999999909e+02
4.250879999999999654e+02,6.186239999999999100e+02
2.170000000000000000e+02,3.460000000000000000e+02
3.690000000000000000e+02,3.440000000000000000e+02
3.729599999999999795e+02,3.528000000000000114e+02
4.263985151999999061e+02,6.127239167999998699e+02
4.571999999999999886e+02,5.796000000000000227e+02
4.000000000000000000e+02,2.890000000000000000e+02
4.389119999999999209e+02,5.875199999999998681e+02
4.511999999999999886e+02,6.216000000000000227e+02
3.335999999999999659e+02,1.607999999999999829e+02
3.110399999999999068e+02,1.940889599999999575e+02
4.279910399999998845e+02,6.295449599999998327e+02
3.542400000000000091e+02,6.955199999999999818e+02
3.083999999999999773e+02,1.860000000000000000e+02
2.951999999999999886e+02,5.843999999999999773e+02
4.320000000000000000e+02,3.455999999999999659e+02
3.340799999999999841e+02,1.598400000000000034e+02
4.348799999999999955e+02,3.383999999999999773e+02
4.510000000000000000e+02,5.790000000000000000e+02
4.175999999999999659e+02,2.988000000000000114e+02
2.963999999999999773e+02,2.075999999999999943e+02
2.894399999999999977e+02,7.041599999999999682e+02
4.205260799999999222e+02,2.861567999999999188e+02
3.475685375999998996e+02,7.417184255999998186e+02
3.280000000000000000e+02,5.070000000000000000e+02
3.920000000000000000e+02,3.610000000000000000e+02
5.169600000000000364e+02,4.175999999999999801e+01
4.151999999999999886e+02,5.940000000000000000e+02
4.708799999999999955e+02,5.716799999999999500e+02
3.911999999999999886e+02,3.731999999999999886e+02
3.700000000000000000e+02,6.840000000000000000e+02
4.233599999999999568e+02,2.808000000000000114e+02
3.440000000000000000e+02,3.190000000000000000e+02
3.695999999999999659e+02,3.600000000000000000e+02
5.011199999999999477e+02,1.468799999999999670e+02
3.780000000000000000e+02,3.370000000000000000e+02
3.085516799999999193e+02,1.766707199999999602e+02
4.837294079999998644e+02,5.303107583999998269e+02
3.920000000000000000e+02,3.190000000000000000e+02
2.239487999999999488e+02,4.897013759999998683e+02
2.851200000000000045e+02,1.871999999999999886e+02
2.531999999999999886e+02,5.507999999999999545e+02
3.093119999999999550e+02,1.900799999999999841e+02
4.129919999999999618e+02,5.927039999999999509e+02
4.240000000000000000e+02,3.420000000000000000e+02
3.503999999999999773e+02,7.247999999999999545e+02
3.588000000000000114e+02,3.408000000000000114e+02
4.780799999999999841e+02,6.163199999999999363e+02
2.900000000000000000e+02,2.150000000000000000e+02
3.990000000000000000e+02,6.730000000000000000e+02
2.790000000000000000e+02,6.580000000000000000e+02
4.670000000000000000e+02,6.300000000000000000e+02
1.940000000000000000e+02,3.580000000000000000e+02
4.150000000000000000e+02,3.040000000000000000e+02
2.380000000000000000e+02,8.200000000000000000e+01
4.580000000000000000e+02,5.980000000000000000e+02
4.204799999999999613e+02,2.836800000000000068e+02
4.070000000000000000e+02,6.630000000000000000e+02
3.970000000000000000e+02,2.950000000000000000e+02
3.542399999999999523e+02,3.248639999999999759e+02
3.683999999999999773e+02,3.540000000000000000e+02
4.475519999999999641e+02,6.065279999999999063e+02
4.126463999999999714e+02,3.027455999999999676e+02
4.807434239999998908e+02,5.942108159999999089e+02
3.792199679999999375e+02,3.404021759999999404e+02
2.760000000000000000e+02,5.100000000000000000e+02
2.764799999999999613e+02,5.097599999999999341e+02
3.335999999999999659e+02,1.644000000000000057e+02
2.651999999999999886e+02,5.087999999999999545e+02
2.980799999999999841e+02,1.944000000000000057e+02
4.835999999999999659e+02,5.267999999999999545e+02
3.525119999999999436e+02,6.445439999999998690e+02
4.230143999999999664e+02,2.757887999999999806e+02
4.230143999999999664e+02,5.909759999999999991e+02
4.710000000000000000e+02,5.720000000000000000e+02
2.303999999999999773e+02,6.335999999999999943e+01
3.525119999999999436e+02,7.257599999999998772e+02
2.090188799999999389e+02,5.250355199999999058e+02
2.015999999999999943e+02,5.171999999999999318e+02
4.068000000000000114e+02,6.636000000000000227e+02
2.985983999999999696e+02,2.052863999999999862e+02
3.700000000000000000e+02,3.470000000000000000e+02
5.026406399999999053e+02,1.443225599999999531e+02
3.563999999999999773e+02,7.067999999999999545e+02
4.406399999999999295e+02,5.909759999999998854e+02
2.762035199999999122e+02,5.275238399999998364e+02
4.156489727999999104e+02,5.912248319999998785e+02
3.856895999999999844e+02,3.421440000000000055e+02
4.199039999999999395e+02,3.421439999999999486e+02
2.989439999999999600e+02,1.814399999999999693e+02
3.209932799999999133e+02,1.866239999999999668e+02
4.260000000000000000e+02,6.240000000000000000e+02
3.240000000000000000e+02,1.560000000000000000e+02
4.270000000000000000e+02,6.610000000000000000e+02
2.400000000000000000e+02,5.387999999999999545e+02
3.110399999999999636e+02,1.935359999999999729e+02
3.720000000000000000e+02,6.930000000000000000e+02
3.743999999999999773e+02,6.767999999999999545e+02
3.757363199999999210e+02,3.234815999999999008e+02
4.770000000000000000e+02,5.530000000000000000e+02
2.903039999999999736e+02,7.032959999999999354e+02
2.886451199999999062e+02,2.139955199999999422e+02
4.550000000000000000e+02,5.350000000000000000e+02
5.160000000000000000e+02,4.200000000000000000e+01
3.270000000000000000e+02,6.890000000000000000e+02
4.450000000000000000e+02,6.690000000000000000e+02
4.310000000000000000e+02,3.520000000000000000e+02
4.437503999999999564e+02,6.283007999999999811e+02
3.911639039999998886e+02,3.075563519999999471e+02
3.225600000000000023e+02,6.508799999999999955e+02
3.881779199999999150e+02,3.433881599999999139e+02
2.985983999999999128e+02,2.040422399999999641e+02
3.881779199999999150e+02,3.463741439999999443e+02
3.180000000000000000e+02,1.860000000000000000e+02
3.840000000000000000e+02,3.340000000000000000e+02
2.340000000000000000e+02,8.000000000000000000e+01
3.830399999999999636e+02,3.052799999999999727e+02
3.767039999999999509e+02,7.050239999999998872e+02
3.255551999999999566e+02,1.824767999999999972e+02
4.454092799999999102e+02,6.295449599999998327e+02
3.265919999999999277e+02,6.497279999999999518e+02
4.600000000000000000e+02,6.110000000000000000e+02
3.081535487999999532e+02,6.019743743999998742e+02
3.483647999999999456e+02,7.415193599999997787e+02
4.980000000000000000e+02,6.800000000000000000e+01
2.419199999999999875e+02,1.108799999999999955e+02
4.368000000000000114e+02,5.916000000000000227e+02
4.507199999999999704e+02,6.364800000000000182e+02
3.960000000000000000e+02,3.182400000000000091e+02
4.110000000000000000e+02,3.620000000000000000e+02
5.140799999999999272e+02,3.743999999999999773e+01
4.340000000000000000e+02,3.500000000000000000e+02
4.810000000000000000e+02,5.590000000000000000e+02
2.030000000000000000e+02,3.880000000000000000e+02
4.112639999999999532e+02,3.041279999999999291e+02
4.220000000000000000e+02,3.550000000000000000e+02
2.965247999999999706e+02,1.762560000000000002e+02
3.503999999999999773e+02,7.163999999999999773e+02
2.220000000000000000e+02,4.871999999999999886e+02
3.075839999999999463e+02,1.762559999999999718e+02
3.732479999999999336e+02,6.778183679999998503e+02
2.419199999999999591e+02,1.157759999999999820e+02
3.240000000000000000e+02,6.707999999999999545e+02
4.370000000000000000e+02,3.410000000000000000e+02
3.155999999999999659e+02,2.375999999999999943e+02
3.000000000000000000e+02,5.700000000000000000e+02
5.110000000000000000e+02,1.050000000000000000e+02
3.443999999999999773e+02,5.567999999999999545e+02
3.513600000000000136e+02,7.243199999999999363e+02
3.214079999999999586e+02,1.866239999999999952e+02
3.770000000000000000e+02,3.160000000000000000e+02
3.686399999999999864e+02,6.883199999999999363e+02
4.343999999999999773e+02,3.383999999999999773e+02
3.507839999999999350e+02,3.214079999999999586e+02
3.611519999999999300e+02,7.032959999999999354e+02
3.041279999999999291e+02,5.736959999999999127e+02
3.695999999999999659e+02,6.947999999999999545e+02
2.894399999999999977e+02,2.145600000000000023e+02
4.544639999999999418e+02,6.099839999999999236e+02
3.700000000000000000e+02,3.570000000000000000e+02
4.571999999999999886e+02,6.156000000000000227e+02
3.311999999999999886e+02,1.843199999999999932e+02
2.810000000000000000e+02,6.360000000000000000e+02
4.475999999999999659e+02,6.731999999999999318e+02
5.380000000000000000e+02,9.200000000000000000e+01
3.110399999999999068e+02,6.519398399999998901e+02
2.534399999999999977e+02,5.471999999999999318e+02
3.583180799999998953e+02,3.404021759999999404e+02
4.355999999999999659e+02,6.467999999999999545e+02
4.228153343999999265e+02,6.019743743999998742e+02
4.596479999999999109e+02,6.186239999999999100e+02
2.411999999999999886e+02,1.151999999999999886e+02
3.583180799999998953e+02,3.368189951999999039e+02
4.003199999999999932e+02,2.894399999999999977e+02
3.263999999999999773e+02,6.527999999999999545e+02
3.680639999999999645e+02,7.084799999999999045e+02
3.768000000000000114e+02,3.443999999999999773e+02
4.541183999999999514e+02,6.096383999999999332e+02
3.490559999999999263e+02,3.162239999999999327e+02
4.420799999999999841e+02,6.393600000000000136e+02
4.440959999999999468e+02,6.289919999999999618e+02
4.655999999999999659e+02,6.540000000000000000e+02
3.683999999999999773e+02,6.876000000000000227e+02
4.360000000000000000e+02,6.380000000000000000e+02
2.390399999999999920e+02,8.064000000000000057e+01
3.010000000000000000e+02,5.740000000000000000e+02
2.915999999999999659e+02,5.663999999999999773e+02
4.996800000000000068e+02,1.468799999999999955e+02
3.191999999999999886e+02,1.835999999999999943e+02
3.870719999999999459e+02,3.404159999999999400e+02
5.018111999999999853e+02,1.451519999999999868e+02
3.317759999999999536e+02,1.848959999999999866e+02
2.923199999999999932e+02,1.929599999999999795e+02
3.711743999999999915e+02,6.759936000000000149e+02
2.411999999999999886e+02,1.115999999999999943e+02
2.426111999999999966e+02,1.161216000000000008e+02
4.290000000000000000e+02,5.900000000000000000e+02
4.415999999999999659e+02,6.431999999999999318e+02
4.095359999999999445e+02,6.635519999999999072e+02
3.753215999999999894e+02,3.234815999999999576e+02
8.879999999999999716e+01,4.800000000000000000e+01
2.534399999999999977e+02,5.500799999999999272e+02
2.690000000000000000e+02,5.670000000000000000e+02
5.120000000000000000e+02,3.900000000000000000e+01
3.732479999999999905e+02,7.195391999999999371e+02
4.607999999999999545e+02,5.788799999999999955e+02
4.156489727999999104e+02,6.163070975999999064e+02
3.433881599999999139e+02,3.160166399999999385e+02
4.590000000000000000e+02,6.310000000000000000e+02
4.521599999999999682e+02,5.673600000000000136e+02
4.790015999999999963e+02,5.951231999999999971e+02
2.530000000000000000e+02,5.330000000000000000e+02
3.071999999999999886e+02,6.239999999999999858e+01
4.200000000000000000e+02,3.590000000000000000e+02
2.757887999999999806e+02,5.101055999999999813e+02
4.561919999999999504e+02,6.137855999999999312e+02
2.426111999999999966e+02,1.099007999999999896e+02
3.900000000000000000e+02,3.710000000000000000e+02
4.603391999999998916e+02,5.996851199999998698e+02
2.972159999999999513e+02,1.710719999999999743e+02
4.665600000000000023e+02,6.537599999999999909e+02
3.782246399999999085e+02,3.408998399999999265e+02
5.200000000000000000e+02,1.020000000000000000e+02
5.256000000000000227e+02,9.239999999999999147e+01
4.180000000000000000e+02,6.110000000000000000e+02
3.433881599999999139e+02,3.165143039999999246e+02
4.078079999999999359e+02,2.851199999999999477e+02
3.575999999999999659e+02,6.960000000000000000e+02
2.970000000000000000e+02,5.790000000000000000e+02
4.026239999999999668e+02,2.937599999999999341e+02
4.268159999999999172e+02,3.404159999999999400e+02
3.151871999999999616e+02,6.697727999999999611e+02
4.622303231999998729e+02,6.019743743999998742e+02
2.530000000000000000e+02,5.510000000000000000e+02
4.380000000000000000e+02,5.530000000000000000e+02
2.972159999999999513e+02,2.056319999999999766e+02
3.130000000000000000e+02,1.910000000000000000e+02
3.480000000000000000e+02,3.250000000000000000e+02
3.240000000000000000e+02,1.847999999999999829e+02
3.916800000000000068e+02,3.729599999999999795e+02
3.265919999999999277e+02,1.572479999999999905e+02
4.802457599999999047e+02,5.947084799999998950e+02
3.421440000000000055e+02,3.172607999999999606e+02
5.183999999999999773e+02,4.147199999999999420e+01
3.311999999999999886e+02,1.847999999999999829e+02
3.948000000000000114e+02,3.023999999999999773e+02
3.440000000000000000e+02,5.570000000000000000e+02
3.455999999999999659e+02,5.564159999999999400e+02
4.390000000000000000e+02,5.450000000000000000e+02
4.103999999999999773e+02,3.480000000000000000e+02
3.856895999999999844e+02,3.089663999999999646e+02
3.787199999999999704e+02,3.369599999999999795e+02
3.040000000000000000e+02,5.670000000000000000e+02
5.183999999999998920e+01,8.035199999999998681e+02
3.680000000000000000e+02,6.880000000000000000e+02
3.832012799999998833e+02,3.135283199999999511e+02
4.075199999999999818e+02,6.623999999999999773e+02
5.136000000000000227e+02,3.839999999999999858e+01
2.453759999999999764e+02,5.201279999999999291e+02
4.270000000000000000e+02,3.420000000000000000e+02
4.410000000000000000e+02,5.710000000000000000e+02
4.188000000000000114e+02,3.420000000000000000e+02
1.040000000000000000e+02,8.360000000000000000e+02
3.168000000000000114e+02,2.375999999999999943e+02
5.150000000000000000e+02,4.500000000000000000e+01
4.838399999999999750e+02,5.270399999999999636e+02
4.510000000000000000e+02,5.670000000000000000e+02
2.661119999999999663e+02,5.097599999999999341e+02
4.150000000000000000e+02,4.410000000000000000e+02
2.404799999999999898e+02,5.385599999999999454e+02
